# Alias OBJ Model File
# Exported from SketchUp, (c) 2000-2012 Trimble Navigation Limited
# File units = meters

mtllib ConeCollider.mtl

g Mesh1 Model

usemtl FrontColor
v 0.125566 2.68 -0.0336453
vt -0.668025 97.5685
vn 0.908027 0.341012 -0.243305
v 1.01661 0.137036 -0.2724
vt -5.40847 -8.82642
v 0.911467 0.137036 -0.526236
vt 5.40847 -8.82642
vn 0.814115 0.341012 -0.470029
v 0.112579 2.68 -0.0649978
vt 0.668025 97.5685
f 1/1/1 2/2/1 3/3/2 4/4/2 

v 0.129996 2.68 -0
vn 0.940059 0.341012 9.99832e-16
v 1.05247 0.137036 2.88765e-15
f 5/1/3 6/2/3 2/3/1 1/4/1 

v 0.125566 2.68 0.0336453
vn 0.908027 0.341012 0.243305
v 1.01661 0.137036 0.2724
f 7/1/4 8/2/4 6/3/3 5/4/3 

v 0.112579 2.68 0.0649978
vn 0.814115 0.341012 0.470029
v 0.911467 0.137036 0.526236
f 9/1/5 10/2/5 8/3/4 7/4/4 

v 0.0919207 2.68 0.0919207
vn 0.664722 0.341012 0.664722
v 0.74421 0.137036 0.74421
f 11/1/6 12/2/6 10/3/5 9/4/5 

v 0.0649978 2.68 0.112579
vn 0.470029 0.341012 0.814115
v 0.526236 0.137036 0.911467
f 13/1/7 14/2/7 12/3/6 11/4/6 

v 0.0336453 2.68 0.125566
vn 0.243305 0.341012 0.908027
v 0.2724 0.137036 1.01661
f 15/1/8 16/2/8 14/3/7 13/4/7 

v 0 2.68 0.129996
vn 1.56617e-15 0.341012 0.940059
v 0 0.137036 1.05247
f 17/1/9 18/2/9 16/3/8 15/4/8 

v -0.0336453 2.68 0.125566
vn -0.243305 0.341012 0.908027
v -0.2724 0.137036 1.01661
f 19/1/10 20/2/10 18/3/9 17/4/9 

v -0.0649978 2.68 0.112579
vn -0.470029 0.341012 0.814115
v -0.526236 0.137036 0.911467
f 21/1/11 22/2/11 20/3/10 19/4/10 

v -0.0919207 2.68 0.0919207
vn -0.664722 0.341012 0.664722
v -0.74421 0.137036 0.74421
f 23/1/12 24/2/12 22/3/11 21/4/11 

v -0.112579 2.68 0.0649978
vn -0.814115 0.341012 0.470029
v -0.911467 0.137036 0.526236
f 25/1/13 26/2/13 24/3/12 23/4/12 

v -0.125566 2.68 0.0336453
vn -0.908027 0.341012 0.243305
v -1.01661 0.137036 0.2724
f 27/1/14 28/2/14 26/3/13 25/4/13 

v -0.129996 2.68 -0
vn -0.940059 0.341012 -9.08938e-17
v -1.05247 0.137036 -0
f 29/1/15 30/2/15 28/3/14 27/4/14 

v -0.125566 2.68 -0.0336453
vn -0.908027 0.341012 -0.243305
v -1.01661 0.137036 -0.2724
f 31/1/16 32/2/16 30/3/15 29/4/15 

v -0.112579 2.68 -0.0649978
vn -0.814115 0.341012 -0.470029
v -0.911467 0.137036 -0.526236
f 33/1/17 34/2/17 32/3/16 31/4/16 

v -0.0919207 2.68 -0.0919207
vn -0.664722 0.341012 -0.664722
v -0.74421 0.137036 -0.74421
f 35/1/18 36/2/18 34/3/17 33/4/17 

v -0.0649978 2.68 -0.112579
vn -0.470029 0.341012 -0.814115
v -0.526236 0.137036 -0.911467
f 37/1/19 38/2/19 36/3/18 35/4/18 

v -0.0336453 2.68 -0.125566
vn -0.243305 0.341012 -0.908027
v -0.2724 0.137036 -1.01661
f 39/1/20 40/2/20 38/3/19 37/4/19 

v 0 2.68 -0.129996
vn 1.40536e-15 0.341012 -0.940059
v 0 0.137036 -1.05247
f 41/1/21 42/2/21 40/3/20 39/4/20 

v 0.0336453 2.68 -0.125566
vn 0.243305 0.341012 -0.908027
v 0.2724 0.137036 -1.01661
f 43/1/22 44/2/22 42/3/21 41/4/21 

v 0.0649978 2.68 -0.112579
vn 0.470029 0.341012 -0.814115
v 0.526236 0.137036 -0.911467
f 45/1/23 46/2/23 44/3/22 43/4/22 

v 0.0919207 2.68 -0.0919207
vn 0.664722 0.341012 -0.664722
v 0.74421 0.137036 -0.74421
f 47/1/24 48/2/24 46/3/23 45/4/23 

f 4/1/2 3/2/2 48/3/24 47/4/24 

